13.443004
6.310127
12.529588
12.775041
14.586358
3.160822
5.363564
12.291674
4.444396
8.863520
7.638353
10.061934
5.836552
8.214415
15.235676
14.659122
10.171388
11.476751
2.265641
9.711502
0.260809
3.886188
2.195705
12.866828
2.506866
6.415110
2.076647
1.740941
15.982792
3.492110
8.206919
13.425796
9.802238
4.736506
10.200836
8.388595
7.897328
15.564401
4.680269
12.341723
8.427919
12.318622
6.403658
14.264471
4.533036
5.639334
12.923593
14.704424
1.116084
15.189233
8.415926
1.376894
3.075422
10.611630
14.243722
5.582287
1.026741
0.320369
7.323228
1.009533
3.812479
15.530146
14.435329
13.614717
4.266652
8.636166
6.003312
12.163980
8.200566
10.683580
8.505703
0.628486
7.002202
14.909361
14.892957
11.535237
4.548695
11.816549
10.239661
5.664779
11.005782
2.655587
7.041672
14.081203
13.267218
5.285394
3.663491
14.293959
5.605763
10.986718
15.303492
9.418242
10.516865
13.738821
7.032959
14.783517
6.374987
13.036270
10.947496
14.575553
7.719851
3.453199
15.204038
14.722052
2.362560
14.096994
10.257290
6.911255
9.913544
4.496951
12.576034
4.919326
7.152537
3.617706
3.000530
4.419755
8.903100
6.664021
2.713713
14.508862
1.650739
2.017205
7.927105
12.167603
15.756026
14.960064
10.951120
6.131013
11.996334
5.898617
4.706566
3.716185
9.351816
3.910604
2.438237
11.714376
2.007598
12.695526
2.625631
11.921143
1.192477
15.201665
0.840468
8.345014
2.819371
3.840998
12.764769
11.722470
10.505018
15.478482
10.231334
12.155758
1.495688
2.158439
8.323361
1.251714
1.118502
3.274481
7.382728
13.114837
9.173098
12.089293
0.831021
2.524914
15.999897
3.269258
14.239290
2.007496
15.964784
0.864921
13.928638
1.157261
0.066586
14.769106
9.502275
2.885956
2.610104
6.267044
14.608427
13.115123
5.745526
8.839761
9.270880
7.241213
10.998199
1.594241
8.492928
12.116701
4.868722
15.875655
9.231538
14.041821
11.964949
10.062559
0.566734
11.964846
13.331817
14.806025
13.972342
13.296600
15.670946
11.900979
14.453861
15.737532
10.670085
7.956136
2.623488
13.280190
14.223180
1.231915
10.395311
3.968706
10.071675
3.666192
11.209919
5.069874
5.260433
3.702847
1.186576
10.129155
3.578503
10.418114
8.170976
15.543451
4.480672
8.737710
11.508297
1.812489
7.543735
9.480639
15.109090
7.214681
5.381618
13.562951
6.952213
0.051703
5.519087
9.575701
13.331893
3.742267
10.807615
7.727204
7.710973
4.879291
11.393396
2.920893
9.949165
0.653829
6.623740
11.135740
10.782984
10.202243
5.553854
2.953959
9.745694
10.034526
11.691669
5.253991
11.847015
3.235404
14.734630
10.956104
10.450086
4.116248
8.519055
1.402298
4.167951
14.038143
10.977999
1.499844
1.780410
5.785614
9.227048
9.491384
10.664906
4.620444
12.412276
4.614070
5.274273
3.036016
15.749811
0.057257
13.238258
5.303665
3.011217
6.983952
15.338191
14.702887
12.237943
11.185206
1.938291
10.972572
6.141311
12.388376
15.088820
14.660367
13.790674
3.256772
12.698509
8.768673
4.756615
14.478920
14.554287
13.983664
7.970303
9.219193
2.604108
4.382579
13.833263
7.878381
7.418594
13.583075
7.935638
4.656853
2.886740
10.946855
11.640804
2.224931
9.649741
7.878747
13.410137
11.588032
2.851320
3.551449
7.976408
1.940140
2.211815
5.767082
5.196912
14.910325
14.535754
9.953527
13.389244
13.090042
7.937191
5.359547
6.309235
10.541299
9.742126
4.142498
2.419680
1.160720
1.725572
10.355318
5.817573
4.612312
5.302173
1.458377
6.837244
14.951915
9.337125
4.247381
10.539947
12.188445
7.798830
2.516354
14.128586
10.010645
8.283436
3.325497
8.920970
6.819190
13.279025
6.310214
3.909232
5.216216
11.669761
10.218467
15.757514
5.411887
14.360964
2.177194
6.572607
0.086537
12.532512
12.390180
4.698849
1.834685
13.848557
11.536093
0.786599
7.185682
15.783474
11.326546
3.374127
7.582304
13.842899
1.502712
1.592949
6.126335
4.828209
10.513919
12.945525
2.107234
0.824133
0.854757
7.323450
12.493894
11.073223
7.080964
1.905781
9.434187
9.258158
8.478388
9.520724
5.790669
4.868567
14.219573
7.625354
2.717124
9.755666
8.411954
9.902806
9.539140
3.738499
13.276933
1.121443
1.581399
14.779645
2.714392
7.707734
3.607855
13.228311
4.653259
5.715089
14.052444
5.508015
13.038539
10.546337
0.581238
4.119503
12.452117
10.015426
13.377660
4.930505
3.536150
3.168329
9.799072
1.755723
10.793684
12.516196
11.511389
3.205638
6.419003
5.050529
6.944137
3.695935
6.171972
8.525536
2.475580
8.886364
0.233269
6.083435
6.114675
4.886528
11.798524
4.167118
10.394544
8.837062
14.713454
10.975781
12.956565
11.165571
4.991208
10.334225
0.096076
8.527357
13.502554
9.895148
10.283080
8.296238
6.411345
5.794469
11.501876
12.830347
10.844997
2.446013
0.526282
1.016970
10.971549
3.001863
9.903334
11.204818
9.085298
0.018008
0.091346
4.883821
4.185125
10.485889
13.720883
2.898579
5.461671
10.677448
14.064151
10.452879
5.011673
14.160228
2.980237
2.514227
8.055376
13.263317
10.810465
14.466721
3.057786
6.312341
11.297068
13.902784
8.758353
11.823350
14.919754
3.729902
14.825212
8.823087
14.934720
7.910510
8.841095
15.026067
12.794332
13.026219
9.511956
10.515215
15.924799
14.973628
5.192663
13.988950
9.426507
10.204335
12.149178
12.406743
12.718562
4.204553
9.670060
7.529027
2.671274
12.727846
13.841368
13.968342
10.630630
6.599721
9.791692
9.550385
10.329624
8.616904
2.373471
9.264344
0.527414
11.214565
8.290411
13.321746
8.240786
1.802367
7.836960
8.165585
0.775995
13.029623
6.154534
10.202502
7.233958
2.303712
6.609245
3.952521
6.508265
0.279306
11.481548
9.179539
13.007153
9.322916
7.147881
7.637783
15.922638
0.939572
1.188167
10.252261
9.556477
3.561638
3.516605
10.083891
14.776203
11.807016
7.405636
7.016989
13.609384
15.242596
15.182573
14.385378
12.272219
5.337108
8.587880
3.506177
7.640820
15.197125
7.458697
14.149085
15.476431
2.940246
7.328624
12.483583
12.263162
14.476504
4.121366
12.185799
15.416076
5.309533
6.438060
8.972552
8.871171
9.954666
3.056443
7.647374
5.761682
10.462079
14.664363
3.371065
9.704675
13.846936
1.756443
5.976893
3.184044
10.344323
9.483070
10.824863
9.541449
0.941768
8.973948
9.017879
3.882013
0.302572
5.501462
0.145175
14.779077
9.622828
12.330974
14.195152
14.932361
2.769034
7.167705
7.803531
12.723701
10.224147
15.450905
2.485382
4.686226
14.115268
5.856447
14.390901
11.962204
7.612890
4.367794
15.146248
1.957213
13.850864
9.971111
11.498661
14.792632
2.945060
4.516540
2.674646
3.247632
10.018003
2.819821
2.026708
3.640830
15.150795
0.221860
2.573191
1.919829
7.389565
10.376722
14.643529
1.613712
9.827627
1.128911
6.299937
7.942895
6.985359
4.690838
3.905100
14.598248
9.058632
3.051347
0.555462
6.909496
13.022459
12.054123
5.702128
15.967518
0.570663
8.376774
3.215150
10.588665
11.196594
5.241858
14.229495
10.347389
5.463718
0.802686
12.267219
12.853283
11.179408
10.910748
14.466994
5.007035
12.039660
4.766932
12.949931
3.025018
9.457769
0.855030
1.623266
2.516402
3.906378
2.178728
9.425898
0.928837
14.232851
15.128026
0.896355
14.803514
7.504800
4.111505
9.392179
2.701395
9.353363
7.621675
13.048784
14.817080
8.424361
9.316002
11.670363
3.603769
4.226750
10.137358
8.610805
0.266409
14.904289
5.560735
3.291427
8.362059
6.415766
4.914693
10.878460
10.322144
7.093422
4.304358
11.250980
5.326273
3.432384
12.147335
4.129787
10.937184
0.258840
13.521966
13.638578
9.612203
5.143641
10.687363
8.429283
13.568002
4.003365
4.099646
1.171771
8.230115
14.237003
9.782575
8.496524
13.141293
15.343310
11.787951
5.503351
5.759076
0.702645
0.381811
0.081219
7.796067
4.686169
11.332199
13.122339
8.118553
7.479534
1.252126
3.055737
7.738374
14.774092
0.694315
1.350576
3.917733
11.381678
9.779859
1.485734
15.385043
13.879505
2.657505
7.615158
12.116508
12.440080
0.111682
9.257801
11.783390
11.899633
14.761152
1.542466
12.602278
15.142963
1.623685
4.398345
3.829133
12.955884
1.520684
11.947685
4.435418
2.772810
15.003422
12.173792
1.546902
15.697738
13.524368
5.464635
11.079415
7.304227
6.950369
10.464458
5.183732
9.607875
2.079616
1.300241
6.047955
2.191298
10.558042
1.831344
14.090931
9.319194
3.373811
10.693209
8.462157
4.997496
15.091554
12.291290
1.953380
0.612237
8.238976
6.388798
3.385047
7.242397
2.562590
4.931950
6.940135
0.086958
10.396585
2.019550
7.391185
1.346954
12.484008
12.574917
10.954829
14.563624
13.875157
1.002783
0.754922
8.433199
2.834128
14.845853
1.752393
6.207938
9.539062
10.214551
11.205434
8.630614
6.505841
13.158813
9.242852
14.744816
3.547612
12.627899
5.987214
6.110202
1.559849
12.927348
6.197161
11.956434
14.946898
13.588346
13.303389
11.430906
10.163262
8.258217
9.994531
8.038421
9.261001
10.749453
0.471620
12.095128
9.595304
2.224013
2.303066
3.134366
12.438564
13.508500
11.764980
2.944405
10.667314
5.007833
1.689221
14.214926
1.635732
7.676434
4.325128
3.195581
4.603782
10.522288
15.152016
3.550681
8.110635
12.455403
14.981587
2.273897
4.713621
8.976118
10.312318
13.974621
3.725570
10.783937
10.069749
13.320874
13.007950
12.372815
0.455241
9.446514
9.881315
12.220222
12.390919
4.548628
1.228054
14.080139
2.763554
2.863786
5.756574
7.088682
6.059368
10.360356
1.610971
5.211383
13.911036
9.721605
1.666787
12.892624
11.995502
6.380408
5.868742
6.307820
4.355029
9.594311
1.091757
14.424778
6.915186
14.099707
10.797593
7.370426
7.546221
4.678908
3.590648
3.937139
9.227536
4.818702
2.017279
11.991091
7.682488
7.773852
3.079773
13.741856
2.134208
4.690743
2.953239
0.045245
14.412349
4.620026
12.937868
10.407851
11.000434
2.806610
0.715672
15.355462
12.400921
1.807429
13.780240
3.316107
15.907136
8.577833
10.686533
7.453356
13.256742
14.277181
11.390495
6.484278
3.095883
13.407774
2.475368
10.778371
5.181626
5.555141
8.520226
7.315835
10.245885
11.473465
7.361079
8.658234
0.093491
4.298948
3.066085
11.093925
7.105557
3.781756
10.449387
3.506478
5.589185
8.229627
6.822585
5.496321
0.807460
1.509118
12.949677
14.064201
15.786299
8.340173
4.548479
2.882181
5.747947
7.023847
13.660552
10.929573
12.578988
6.180779
2.245408
6.824872
1.654244
9.606487
15.483106
1.747735
13.905435
2.549191
12.841660
5.010992
6.330947
7.291046
8.517470
11.920133
15.520674
15.340055
1.416453
0.328134
0.849173
14.366130
14.392335
0.635472
6.706302
2.940814
3.517654
12.454249
9.964661
1.178206
7.383822
6.543649
7.358984
9.629230
13.368521
9.013227
3.235717
12.851627
10.760962
1.141152
15.400818
7.602622
6.152144
5.731765
14.893668
14.669615
1.651897
14.414342
14.009669
3.068350
14.742476
14.858843
1.434480
13.134810
15.494315
8.140782
0.075624
3.011969
4.595031
10.040285
4.190175
11.978854
0.583934
11.549159
5.608084
13.952456
4.562387
8.843801
10.804082
15.323350
9.984954
10.204900
6.925972
0.137098
15.936665
5.819640
14.806712
1.588562
4.233981
12.816382
4.656912
2.976457
11.675225
6.091392
0.111267
11.169540
14.232174
0.186891
14.181509
2.827205
10.227177
2.371684
14.806059
10.811110
13.920843
4.414144
8.763565
2.483230
13.257945
3.567647
1.806579
7.242898
13.772548
8.732551
7.379996
13.709212
14.552191
6.186708
15.297774
2.786172
3.003091
3.954686
5.762629
14.678316
10.046078
5.873896
9.847857
8.278252
6.060787
8.029366
11.105457
0.287963
10.401050
9.911516
11.099073
8.321893
14.325660
3.862638
10.805122
11.583605
7.430286
12.611702
2.826503
5.202834
5.344253
10.206499
2.912046
3.896443
0.393208
2.209820
6.682615
3.396299
6.164505
12.445244
2.074614
0.210583
2.319139
11.922470
8.488835
8.379926
3.951836
3.594292
8.667889
14.352885
13.505808
3.766962
6.674778
11.831468
7.629600
1.479900
7.415072
15.059886
14.091601
10.241575
4.262720
3.435854
4.448074
7.174766
7.332297
4.841282
9.384585
14.014912
8.237581
15.549090
10.460155
10.312195
15.759674
12.779294
6.234666
8.248509
5.159220
10.186502
11.842801
13.827108
8.539387
9.348610
1.594069
15.214165
5.180078
9.223670
0.694064
12.595150
8.283556
14.785666
6.836725
12.546275
2.221519
11.284799
3.721041
9.553816
0.126081
13.105626
7.568728
8.363662
12.654716
2.028883
2.675858
12.414391
14.808177
8.910523
4.662900
3.967397
3.097025
0.505702
1.794505
11.636412
9.854311
3.388575
10.850575
15.034389
12.612244
11.544640
11.629539
4.895800
10.330305
2.466263
1.442075
12.551825
13.751062
5.163116
6.105641
13.877144
2.268742
13.674369
6.240806
14.923459
15.703252
8.916663
11.337850
14.511430
1.827187
0.000750
2.478827
4.924212
0.506452
4.273332
0.560623
10.360764
7.661906
11.411199
9.395152
4.274150
6.955839
5.024691
9.169950
1.286145
7.490954
10.612025
13.837970
5.242016
15.775141
3.943610
3.119160
2.043883
1.617980
9.359966
0.967342
1.321232
2.276629
12.305192
15.832661
4.103817
12.305942
2.311487
9.028028
12.812393
6.584819
9.588651
7.173157
14.246725
4.999850
0.568309
2.520875
11.955689
5.592999
11.690825
13.241834
13.083953
6.302850
11.079803
2.325970
6.077991
15.023414
5.445130
8.121874
0.641393
14.805096
9.089216
1.962625
1.081725
5.394408
1.795286
5.185542
1.700350
4.106773
14.213570
14.512743
10.691592
7.802220
5.685900
8.938316
12.802071
6.254209
11.459191
8.757759
11.847208
7.150016
5.999593
8.931161
13.452866
1.079396
11.257131
3.530857
0.102810
0.702260
11.652731
0.744203
15.507357
4.741947
2.706827
0.589082
10.136354
4.502113
5.774623
11.836704
8.608886
3.988193
10.349447
3.300478
11.790413
0.035348
12.238794
8.592484
6.289556
7.697986
1.350243
2.136764
14.848002
7.349836
11.067925
12.300868
8.429232
6.325056
15.831725
8.532042
7.027317
11.484456
9.276244
6.534673
0.226402
11.983071
7.123755
10.362757
0.485184
12.898377
6.199461
9.094070
0.886570
0.548909
12.394548
12.676983
0.584257
8.633343
5.269466
6.873813
0.331329
6.619709
9.010577
15.179331
13.969545
4.078503
11.480199
6.398777
10.403559
11.311924
14.930819
1.430876
6.796380
8.207063
7.965549
7.022782
4.190134
15.089303
1.385539
4.675319
11.987680
7.585001
13.769389
12.874251
8.133910
10.163938
9.551234
8.718166
2.797280
14.820701
15.591980
3.128609
5.440410
8.602556
2.307940
3.409955
12.681059
13.788139
9.808732
7.084618
9.100063
8.739551
8.515493
15.896443
0.946613
0.481042
6.919226
5.136747
15.570345
8.304765
9.812066
11.558026
15.889766
7.581455
8.432277
8.023676
1.745392
1.983511
0.741843
4.542672
0.804212
0.333823
7.671281
6.244623
8.936379
9.979221
9.654578
5.617438
7.767361
3.463310
12.702056
0.867425
12.202860
5.217549
0.763868
13.149473
5.698591
7.683094
2.286221
5.268937
15.987859
12.098287
0.826962
15.877625
3.679741
9.259239
7.901301
5.425133
11.242751
8.643145
9.967805
12.046964
8.976967
1.639086
2.291586
1.913346
11.618308
11.946164
7.530785
3.385669
15.409473
4.232841
4.253093
11.612334
9.450390
5.016962
8.761807
15.148982
12.700055
11.048028
4.417918
12.687914
7.146314
5.244881
12.565539
10.826055
14.504120
4.466840
0.251188
9.746871
13.109984
10.218993
5.793835
6.086951
11.858079
8.085421
8.000298
7.476387
4.031585
15.531082
10.862055
3.441058
3.763923
15.115149
15.053392
13.214314
4.132110
7.815199
12.363295
0.832165
2.863227
0.781213
13.520080
10.009542
6.026093
10.085618
4.835597
4.530214
14.552459
5.086784
14.277085
11.662443
15.305778
4.070920
1.749394
11.163857
12.156341
9.749692
2.640243
0.187925
9.280774
13.502298
3.628983
13.044697
12.617447
2.682375
10.259010
0.749557
10.497575
6.622305
1.581722
13.360802
7.403518
15.101801
7.370344
13.429612
9.187419
12.205940
1.959826
7.739878
1.292724
0.236910
3.402321
0.598501
4.307830
5.151715
11.762358
0.464170
14.901407
14.402600
0.652095
8.182181
11.904899
4.281078
5.226879
8.522346
6.963453
15.485889
9.271902
1.461028
6.108194
10.853623
14.821830
13.511713
9.955424
6.192173
10.941324
3.142844
2.398113
12.901150
10.882722
3.690838
13.138061
14.285043
4.289339
1.445890
3.436758
0.051697
1.910060
2.338166
14.454297
2.562155
10.520348
10.359196
6.843233
15.747227
2.881541
13.806685
15.233115
12.153442
15.267714
5.341310
7.007066
14.089543
2.853023
0.962491
4.281717
13.794347
4.105335
6.679830
10.695498
14.988056
10.370668
7.833558
13.273099
14.660007
9.279448
0.709857
14.711704
11.189507
3.048023
13.166001
13.751663
13.568371
7.525197
4.594896
13.315597
10.406737
2.401582
12.548713
6.560180
1.669295
1.890023
13.567246
15.758839
4.743045
14.529737
4.040555
2.537393
2.635072
10.720386
13.232890
1.623129
5.091053
5.066447
14.896228
3.751060
14.345895
15.606085
2.462764
9.535403
2.654108
15.628765
7.287066
0.222479
7.153962
11.881962
13.538075
1.560700
14.283543
10.086788
8.120880
15.952838
11.976810
5.688127
15.711677
0.719856
4.217864
3.752231
3.257249
6.852936
14.472616
0.490139
8.476065
3.563669
5.556586
7.372293
7.314730
3.902481
6.978377
9.777494
13.437884
9.632485
9.406260
4.724950
9.854964
0.560221
0.606911
7.393040
2.120921
14.890454
1.479828
10.241801
14.843292
13.456639
15.929928
14.554969
14.176496
4.147792
2.307200
1.433744
11.000728
0.779816
1.923883
3.476793
4.343486
7.480469
10.849085
11.658216
11.382950
1.827463
5.435710
8.820834
11.459949
14.841969
13.545784
5.314913
15.402190
14.152695
12.707952
1.523112
13.043149
14.187781
11.764913
11.886441
11.644421
11.694840
10.441410
9.820916
15.842632
12.748610
11.254660
10.843361
13.528426
13.178543
14.320153
1.871912
4.659011
9.169239
13.530128
0.041961
10.996701
2.965838
8.862795
6.456650
1.807807
6.408578
11.771563
1.209998
4.561274
8.479515
2.733109
1.604423
6.667296
14.498022
13.490865
2.311717
10.192863
7.932275
12.132633
10.035496
4.680885
7.387293
4.878857
2.209311
4.565835
3.199011
4.081224
9.224847
12.368249
1.611352
9.266809
7.364951
4.577190
2.129603
13.821600
6.384997
8.538181
9.593163
7.594995
13.099455
2.072678
10.328104
14.703878
8.739975
8.826126
12.194742
11.051692
3.018990
4.127017
7.184325
13.054485
8.807902
14.571618
1.933343
11.017214
3.137453
5.132353
15.098437
12.362300
1.500602
0.709790
5.629108
8.865553
5.286980
7.758711
6.687154
11.671976
0.296893
0.280317
3.266971
13.396349
2.352995
13.595075
12.100226
11.092970
6.421201
8.294969
6.144661
9.440190
12.421986
13.328986
6.494676
5.229888
11.900604
8.428019
0.247102
15.038057
13.560372
15.345540
11.400357
15.060975
0.055329
1.029465
7.926528
5.342309
8.788177
14.613682
1.014285
9.085070
14.893998
4.281256
6.481419
1.246993
1.876330
2.581645
12.339962
8.297531
10.876614
2.484624
1.737721
7.298600
15.813610
8.232398
12.528488
11.714213
0.660417
12.775590
10.752271
14.220789
12.121129
6.152627
13.281764
12.176458
7.182093
5.208292
1.518767
15.970270
3.821973
2.533052
9.055340
2.715971
6.814308
15.536758
3.962964
8.690638
2.118403
0.302926
0.988169
12.995017
2.787550
2.725890
4.293617
2.601160
10.958288
0.822105
14.315373
11.618705
13.597695
9.067644
9.839494
9.718824
15.220272
7.121257
5.895283
6.402365
12.329549
7.414051
6.372634
0.151522
9.947104
15.427975
2.867493
0.761411
14.964733
6.830458
9.452049
1.083136
7.133384
10.440218
14.078154
9.920934
13.166108
2.371771
12.522094
8.124396
3.193876
10.837467
3.743101
0.791571
3.905112
13.582595
10.510396
3.125384
4.703852
0.405679
9.527748
1.033401
7.819730
15.900383
1.184923
1.766833
15.328357
4.052417
2.528244
14.293090
10.882874
11.980293
15.376225
2.016258
6.420511
13.454380
11.937192
3.586619
15.826151
8.459286
11.711016
3.020026
3.296754
15.454117
3.811598
7.201866
13.036712
14.321993
10.327249
1.740564
14.727672
3.854997
2.773965
6.547402
3.755380
3.958888
8.314235
3.083737
8.011305
10.842479
1.376827
2.894179
6.822772
0.753053
4.910437
13.243282
14.207432
0.847629
0.829902
14.033583
9.306915
12.540917
1.053609
12.603668
11.995034
4.865207
3.805534
9.031746
3.187200
14.132783
10.772310
1.914872
1.987780
13.546275
8.462274
5.743160
1.505163
0.776508
8.826898
9.516468
11.618986
10.203724
12.410646
2.441758
10.956777
1.321084
15.685040
9.164208
2.168713
0.514943
7.197791
11.475628
13.055861
8.251400
8.079296
9.050895
13.116607
11.884830
2.082641
0.303806
10.017613
12.854951
2.218678
12.005394
10.401225
10.680951
1.748554
11.906388
11.457459
10.575452
5.422856
7.076446
4.779175
1.833503
9.518204
15.735951
3.154587
9.203244
8.900160
5.323299
9.718186
0.097951
0.798927
6.774047
8.349351
8.878223
15.824943
5.465958
4.763053
1.907583
5.769764
14.780667
14.762534
7.988442
10.786061
9.163760
2.669393
12.534616
5.070148
14.126852
7.110066
10.493004
5.203298
11.889242
12.326508
14.721500
11.625194
15.481093
7.924745
4.525354
4.804393
1.642932
4.623305
5.603320
8.416979
12.972656
14.481543
8.241921
2.438614
3.244596
10.149505
8.208378
2.025264
8.912039
0.196820
12.811324
2.075799
2.866213
9.345940
7.145947
0.993065
0.456006
1.638951
6.196363
12.345248
13.965458
4.917863
7.970442
13.446551
12.842608
12.495795
2.250944
14.485539
1.119100
7.854264
6.902519
14.091757
6.335807
15.144440
0.530371
9.580403
9.293944
8.738749
11.605667
2.205983
8.935569
8.416991
4.281781
11.801783
1.762931
11.427728
12.794847
2.218937
13.066679
2.991211
14.564185
11.032137
7.909074
6.534626
8.478688
4.751682
3.030422
10.729632
3.237222
4.149522
2.583896
10.139741
2.241279
8.919703
9.284181
2.771650
2.500107
2.578125
11.510399
14.105773
4.784108
4.445968
6.522765
9.065889
0.247750
8.285695
4.493617
13.042598
10.504632
1.560296
0.033809
9.068817
12.592433
7.942883
15.603443
5.071121
12.694566
2.633865
15.800754
15.931787
6.783388
2.384650
10.071528
9.024667
11.304353
3.355710
11.796316
13.804460
5.933835
7.306715
11.910233
10.717943
11.752683
2.432997
3.783832
12.000433
10.718693
8.277450
9.043031
5.223325
9.837746
9.076839
14.292142
6.430178
1.019722
13.895585
11.501299
13.714288
0.529451
11.302052
13.646076
7.312838
13.686701
7.717605
0.337504
8.991055
11.073315
12.133821
6.795514
1.007149
3.440535
2.705747
11.725092
15.193217
5.138744
15.508924
11.193650
15.857437
7.786374
4.236681
5.080762
1.624119
13.313520
3.372904
8.054297
14.333242
1.268489
3.555596
12.047531
1.797939
14.857647
9.693606
9.110777
12.544349
1.411211
9.448281
5.535403
12.484526
5.582102
12.330916
13.491675
9.022636
15.036663
9.216767
8.215854
4.175407
8.725692
3.409504
4.032844
0.512065
7.646184
9.113605
2.136185
4.959705
12.486509
10.190481
3.292948
13.754998
13.746078
15.340478
15.552938
12.603724
9.034084
8.663714
9.148073
10.445296
2.111996
14.683475
6.929821
7.694098
11.014392
4.421496
0.716735
10.051055
13.638264
8.932589
14.226461
6.363955
12.342093
2.259305
6.876020
3.988277
11.372911
9.012205
8.947982
7.859420
3.202687
12.240930
5.614418
0.948764
11.581408
5.167355
13.552488
4.615492
13.831070
6.700561
15.060788
15.943066
5.384037
5.990610
7.637164
0.398429
10.412106
8.353899
10.449483
8.050369
1.286488
8.675945
14.414325
13.628580
10.935250
5.290345
1.616858
6.308162
14.302550
10.564839
14.167582
1.505237
6.805769
3.782000
2.454001
2.387177
8.949355
0.006489
7.002668
6.780424
6.707051
6.063457
6.723490
12.091087
12.054067
14.360654
12.489516
6.466172
6.714552
6.938999
14.516541
8.001040
15.614944
12.930866
5.629621
10.550195
2.221212
7.246478
0.858356
0.523762
1.811317
15.025938
2.028999
8.617086
2.807938
4.483000
11.004263
11.757293
4.489490
2.006931
2.537717
11.196540
8.070388
9.261208
7.287628
4.124454
7.621861
3.777144
10.590627
14.336413
10.716143
9.107168
6.337453
10.331087
6.038035
11.967074
4.881282
8.259247
3.213552
5.739638
8.783009
5.024869
4.765577
10.812007
13.641955
7.573515
15.295008
8.646218
3.330808
3.784497
10.653150
5.868525
14.981037
2.723538
15.129732
6.268664
6.847992
6.751593
10.045808
1.438619
5.088006
4.761951
10.545787
11.425460
15.093039
0.583822
7.392534
3.974320
8.843068
10.606086
9.713959
1.626076
15.630956
14.479536
12.438084
13.272911
6.053051
11.733090
5.919129
9.383859
15.517588
0.572279
15.252383
14.498625
3.295817
14.382114
4.767289
10.143809
5.133708
14.813097
11.582427
10.221714
3.575048
6.128214
5.647174
2.668087
6.712036
13.039708
6.642407
15.555104
7.645794
0.356366
1.181180
7.276750
14.835902
13.619264
4.549661
4.888952
9.352354
10.468790
14.272811
8.869942
11.041069
13.525193
7.368566
14.336886
11.907309
12.135855
8.480695
1.041016
10.948952
4.063122
11.262731
14.524000
10.191337
0.909904
1.192087
0.903373
13.949613
7.834494
0.458477
5.595407
8.190860
1.639657
12.872156
7.026762
15.258921
1.421817
11.915714
8.611275
11.890607
10.188525
1.481217
6.931676
7.713719
8.849783
5.268562
3.621027
4.985638
13.749257
4.662044
15.934590
1.812380
15.924774
14.458591
12.003716
0.834679
15.650678
12.907089
14.784291
7.485172
13.365565
4.379698
15.676032
15.005222
1.251854
6.702794
14.264143
2.673671
2.618508
6.875418
14.564278
12.807034
8.356634
5.495954
4.520752
1.206417
10.764516
8.141780
6.192055
8.513774
12.803823
6.126646
10.326154
12.728598
4.585236
6.329870
13.563276
4.235914
3.236959
12.347568
11.721086
0.602524
0.727265
11.397118
15.607747
1.979119
2.099911
13.871889
4.652791
4.718420
4.747307
3.217068
1.525453
13.103942
8.713022
6.046206
14.310359
3.477539
14.187985
4.502414
11.991312
10.991809
10.629060
6.317466
7.720407
15.214295
12.647335
5.283683
3.450209
15.884295
1.631250
15.171295
0.486819
2.358516
10.568412
0.094565
4.337635
12.668323
13.966455
8.990425
1.386742
2.713762
12.207494
2.912195
15.817703
4.920516
8.958401
14.128062
8.398054
7.146387
2.630477
4.389366
2.138196
13.259537
10.706832
9.858603
12.473832
7.354167
15.142285
15.924042
7.238461
0.773536
15.095337
7.725280
3.132052
9.663749
7.819845
7.469687
6.332071
5.786300
0.460112
7.718814
8.500062
12.667605
10.631009
8.317765
1.588121
3.589410
6.445828
9.986175
10.735797
9.076304
14.375541
12.873993
6.335841
9.082373
6.732596
2.809674
0.436540
5.874882
2.733715
7.675002
6.648418
1.829052
15.400282
9.780469
11.492801
7.220127
1.250156
1.824872
13.006427
1.710268
9.543685
5.506489
14.377872
4.174695
13.824254
15.965993
7.764105
4.270082
9.952168
2.499902
13.346387
8.327709
15.373896
3.682228
1.410082
6.106491
6.491901
1.846623
11.981373
9.225616
9.521625
2.629791
11.054668
8.921906
12.410260
6.547469
0.142033
13.660416
8.372340
13.148459
15.370684
1.916026
2.654948
13.748556
6.090720
0.479202
13.714549
13.854825
4.749284
7.666718
0.354728
2.095671
15.994427
15.728622
5.777898
1.404509
5.835114
12.269800
3.251132
1.816487
5.495417
12.772757
4.446278
0.550085
5.694662
0.856537
7.097554
5.836695
14.516953
15.469894
2.985155
13.887636
1.385920
5.640103
11.636192
7.476640
6.119306
9.350742
5.331466
10.868590
1.017460
5.686193
12.964261
1.011887
5.414816
2.742159
2.416396
11.249930
15.011959
5.667528
13.066417
4.507376
2.440285
1.512694
5.057461
8.134947
2.369232
12.155014
13.971642
0.886185
11.624908
0.956797
14.773822
13.010829
6.596900
10.410014
4.487469
12.716206
3.760756
9.818934
7.584796
4.778216
15.505128
4.549057
5.790103
4.919944
7.291216
8.206499
0.169874
6.303175
13.874028
13.236291
10.810551
0.314312
14.748985
15.868011
8.449260
1.118217
12.023026
6.420902
2.004402
7.647934
7.377698
0.778223
4.658763
13.974599
11.188237
9.146232
10.690804
14.948994
2.965167
2.275600
3.727210
2.470294
6.824657
9.517313
7.390238
14.115872
1.723813
7.560112
4.419047
15.597840
4.796403
15.229598
15.912153
3.545388
15.097610
8.361413
4.663605
11.120635
14.782314
6.668006
2.768569
6.160013
7.446230
7.427331
4.134612
2.634467
0.573563
14.825416
1.583461
3.538730
1.101016
5.310671
6.009024
7.925673
14.827985
13.399262
6.041546
0.551798
4.959375
10.460593
0.149639
9.755778
9.690191
0.061792
13.301166
8.787801
8.423204
1.964771
3.908435
7.205519
8.632777
6.677004
13.365531
0.079007
14.104336
1.500143
2.713474
14.677898
0.325559
4.296936
2.216628
1.426575
9.607607
8.225653
9.352249
8.435592
5.624915
15.393795
8.987390
10.584290
9.854388
9.137028
4.340067
3.544580
9.198820
1.641233
12.332381
1.622024
3.606004
0.240816
8.827543
12.238782
6.917820
6.193074
12.317788
5.022156
7.693217
15.031262
3.700055
8.018776
3.328198
5.916683
9.445352
12.935805
14.142336
2.797600
5.371397
3.767251
2.191395
14.358786
14.351541
12.045783
7.495814
2.691607
15.590364
0.694634
4.332841
11.922745
2.316658
7.938845
12.163561
11.144201
4.177627
3.081381
1.337275
0.495415
8.103538
9.030493
15.526678
11.803592
1.049268
2.854876
1.720276
10.494620
15.790681
15.862611
13.292220
5.162077
3.629862
15.483615
3.520863
1.981402
11.529398
11.016677
4.673009
11.119761
11.711311
9.005851
7.042506
14.027969
0.944696
3.206067
9.172171
5.122322
6.287448
10.509445
5.617737
14.390985
3.539938
5.144415
10.194577
4.589206
7.999291
11.914853
15.083826
7.789972
11.777464
12.376046
12.952049
15.407326
11.859661
0.472913
1.388728
7.389060
11.489590
6.061737
2.508821
7.200902
15.067588
9.551327
5.228870
0.012283
12.757394
14.401041
5.134605
3.044842
8.910486
10.752343
1.435827
12.450424
15.896758
11.630404
1.039631
7.896049
7.545258
0.123457
15.686022
3.322722
12.499503
12.638071
2.730047
8.359164
13.110984
4.118775
15.748224
8.600574
10.180512
2.257045
15.801476
9.248100
11.808372
5.030346
9.260383
8.565766
3.431387
14.394988
11.610608
12.341873
9.147331
13.046435
8.792297
9.044089
8.676840
9.831928
0.940139
0.222098
9.955385
0.626161
3.544819
6.454889
13.264232
6.274867
14.814054
10.375216
10.393642
14.562278
2.975791
4.574155
0.819323
2.777266
13.822254
12.627695
7.807612
7.082638
5.193462
11.238999
5.477626
0.804070
7.580873
14.624957
13.850506
0.373170
7.669047
6.527346
10.205098
8.609186
6.749444
4.160483
9.235347
10.294263
10.615373
6.499579
0.569130
9.429425
0.874795
10.962772
7.991703
3.850586
15.536927
8.811026
6.627852
13.359181
5.438722
14.435464
4.441819
10.632183
9.674463
9.919445
11.436254
1.255336
8.544403
9.286759
1.628506
0.213450
15.814105
11.833604
8.822636
6.563549
15.994088
2.057982
0.857812
10.609460
8.557561
1.426942
4.038886
9.432356
12.389715
12.030589
13.282942
11.926641
4.841615
3.910793
9.285824
10.280336
2.346257
13.727643
4.912519
12.020720
7.647089
0.348773
13.276056
0.191491
9.635532
14.904562
0.404941
9.449638
10.738167
9.227576
0.013187
10.732254
11.285559
0.871000
5.341714
3.843120
2.297942
9.380600
13.275476
14.687656
5.411189
10.558417
10.614299
10.252804
14.469211
3.900122
4.533140
0.815468
1.627765
9.445660
12.836188
9.274854
9.794433
10.112246
9.466345
3.429966
9.016808
9.871285
12.879603
3.754974
3.098862
12.892791
14.487228
14.384421
13.763791
3.828943
2.227540
0.061733
13.209543
15.503016
14.749390
2.620732
10.061433
9.363688
12.873536
8.530643
13.263809
1.406676
9.346111
14.891575
10.852335
6.182301
8.166428
4.646768
0.294546
1.632773
8.076734
9.311354
11.504059
4.956338
13.066328
14.602921
1.849129
11.553556
12.987342
15.612920
15.382500
15.214883
15.674652
12.592043
14.717898
14.424042
15.212775
8.779332
7.787729
12.086311
1.309976
5.051538
13.492987
10.656087
3.943113
8.345323
0.838388
12.109541
12.992091
1.132933
13.742314
5.068825
10.444287
9.246373
10.025163
7.510615
7.849294
11.874291
3.064172
4.836636
11.487211
2.446671
4.051518
11.161863
15.038714
2.769417
9.585905
14.251490
11.548749
1.373634
10.337801
12.858725
6.425173
7.830788
7.514812
10.368286
0.176110
8.353200
6.477827
13.168200
9.486134
4.220141
2.237025
3.930420
13.466515
12.262188
11.441035
5.315808
8.136479
14.505206
10.152445
3.623690
0.951878
14.203962
14.785554
15.990592
0.973380
8.371459
14.242082
12.522128
9.745092
8.579883
9.380853
0.170265
0.410670
0.895665
10.538551
0.586780
9.248864
1.016378
13.754981
2.734998
5.236520
15.992006
6.665418
2.703034
12.254194
2.106453
8.018843
4.390674
0.611660
2.171287
8.014364
1.563537
0.375250
6.799918
1.554130
1.348630
15.171376
15.796211
13.870758
8.916470
8.376094
7.251611
9.086735
8.786764
8.147276
3.625286
9.373544
1.396141
4.641664
7.128525
4.131139
9.878184
7.120531
10.796556
12.581219
3.374726
12.903010
4.600062
7.765399
13.514669
6.771349
15.779763
15.078207
7.146599
6.579681
0.632337
8.495229
5.751058
0.428548
6.365988
14.667527
8.804642
13.617599
7.754261
1.591405
5.764875
11.379547
10.964950
7.161016
0.021212
2.093474
11.292155
9.899396
9.214005
6.088712
6.480615
12.588731
2.991722
11.080676
4.354130
0.506391
1.852025
4.133893
15.584599
8.998625
10.713574
0.216935
1.493854
0.464632
0.645483
7.859841
15.132159
9.450125
5.477440
6.886421
11.041531
11.242315
2.265968
6.006479
2.403332
2.287180
8.099954
13.695487
12.186576
1.313959
3.784199
2.667191
13.902690
6.775921
13.747867
2.256819
7.282312
15.599892
6.390713
6.866910
8.598516
1.104287
7.083846
10.092370
1.568919
7.729329
1.952212
0.701078
1.179454
7.429652
7.587500
12.220984
2.671968
9.853468
2.227463
5.075300
12.140648
10.327416
2.770787
8.327224
11.641376
6.554986
10.994414
9.544065
13.330906
8.742281
11.800885
4.613218
8.342173
2.191598
11.480129
0.940690
3.295885
2.563975
11.033060
4.864804
10.293303
12.985271
5.565882
11.472757
4.414924
13.153381
7.693741
7.086891
7.006850
9.921205
12.162190
3.147497
4.248621
14.932978
11.474721
15.889997
5.487963
6.469135
9.434063
2.818869
15.211416
5.234948
7.432087
7.553589
7.426545
2.912216
8.494279
10.722430
5.476191
3.527339
15.587234
15.769495
0.512611
5.153116
11.242252
4.927534
2.306498
2.935994
12.014425
9.313348
12.857199
8.176617
12.460845
1.105820
7.109594
7.935566
0.995818
12.597557
14.404701
10.429880
15.416426
13.616118
15.664828
6.848513
5.169707
7.091373
9.760729
13.663986
1.813803
15.236920
1.191326
1.401037
15.006415
1.703936
6.554153
10.248668
6.631471
8.860651
13.184662
2.645896
2.173998
10.041861
10.822513
14.634843
11.147680
1.932106
6.570409
12.143498
14.529663
4.975111
6.573379
13.946089
2.591229
6.238207
4.794601
7.760936
13.329580
14.555330
5.424923
15.143383
13.792251
6.616248
0.544420
12.798666
8.320185
7.098573
7.047334
14.951655
15.959224
4.231995
1.597551
2.133222
14.273855
12.420064
0.768064
9.421535
14.352170
7.338473
5.565034
12.881832
12.313584
12.138412
10.827921
14.904813
2.376620
15.622522
6.665749
15.706200
14.177853
12.090672
14.849583
11.970103
2.706920
15.394003
8.768769
11.027104
6.492577
15.816103
9.978760
6.451800
4.048099
11.576310
8.585022
2.321954
7.996374
9.353086
11.743489
6.348544
0.691559
1.308523
3.230376
13.005143
13.446936
14.058297
11.909956
15.823555
13.680820
2.575705
15.529755
11.858672
14.666377
14.379338
7.828776
1.373297
13.773341
0.597546
12.400401
4.265918
0.413649
6.379161
10.717718
4.461747
1.955471
3.302740
6.783701
9.951845
12.655826
2.527190
0.300389
13.347384
3.835713
3.530766
10.352529
1.282649
1.589063
6.262484
1.106205
15.269882
8.838189
0.635960
11.128554
7.504566
15.015298
2.957330
8.877863
12.788640
3.554876
5.278265
1.054558
3.968525
11.657425
11.772276
8.430272
13.612897
15.075015
15.213973
7.564742
11.730841
1.741163
7.865131
9.078225
5.576877
11.395897
3.430753
6.859526
12.984960
9.693237
7.965731
12.254842
2.531427
8.601691
7.383397
10.035994
7.616989
10.340727
2.913857
4.405629
13.895602
8.192121
5.460186
1.864127
3.849546
1.232462
10.294399
1.462443
0.307477
9.508372
9.027184
12.038318
11.249537
0.892316
5.116543
0.826413
12.288214
8.547297
7.685939
9.273173
2.240534
15.651670
5.528015
4.771961
8.253362
12.911411
14.807955
15.870351
7.252138
1.721811
4.275980
5.147741
9.913932
9.736166
7.011868
13.763477
10.968628
1.306268
15.225921
11.276105
10.814641
8.253105
7.314423
6.064177
9.145422
12.430965
6.890590
5.433635
4.978262
14.576530
14.706808
7.218796
14.228200
4.234823
11.990757
6.481562
1.146235
10.798711
6.351912
8.398373
12.520522
10.627892
13.546114
6.434453
4.364058
4.557982
4.197931
15.332685
5.864250
3.423852
10.608790
0.678891
11.676958
1.923213
6.743067
4.822380
14.354178
13.633657
10.256015
3.332440
12.210187
8.962823
10.551236
10.438387
13.197646
6.541993
0.919948
14.343882
1.340704
7.271861
6.742254
13.861226
1.899752
4.288368
4.295680
6.263810
8.846350
8.493611
5.596496
14.710600
11.917463
0.205287
15.389491
7.594421
2.128500
6.132558
12.416801
0.482679
3.766216
6.672816
3.815120
15.976402
15.635639
14.366356
10.414789
12.833285
4.908349
11.334737
11.177167
6.249053
2.606598
1.919421
4.110280
4.506350
6.207789
8.405960
10.770160
15.054140
0.899572
0.366656
13.764740
12.817036
0.571943
13.154230
4.411457
2.700443
3.286789
0.828258
3.183122
7.053004
7.501074
6.998242
7.029407
7.136713
5.364598
1.444196
3.969999
10.272946
12.778933
15.147166
0.522000
15.385530
1.066587
4.632280
3.891880
7.274377
13.038240
14.662041
6.328516
13.937812
15.028697
4.093256
10.754848
15.600639
1.247487
15.166305
2.301083
4.534276
15.994563
5.484205
11.587280
7.495637
12.482448
2.616687
14.632350
1.847045
4.060883
2.602349
12.119992
0.839815
1.749515
12.641993
0.225346
2.816103
1.274272
4.117226
10.090479
14.312512
2.779267
0.418995
12.250325
1.807963
4.512251
7.005173
1.408603
5.759738
6.171478
3.709686
10.294014
6.166041
9.193892
5.881293
13.661678
5.676339
8.497980
12.294028
7.523384
12.558863
14.896378
3.643376
13.398678
0.645893
0.285368
13.624024
3.461996
1.559640
1.741250
13.552475
15.872153
4.520517
13.971470
12.122478
6.328480
2.483721
3.127651
7.737083
8.243460
9.299129
11.446769
2.537473
15.465170
4.640660
8.418767
13.126848
10.316998
0.916747
9.420877
1.840383
13.475610
8.317255
5.483758
10.874288
8.963148
5.769126
8.498312
12.425143
7.328766
10.239562
9.977618
7.200919
14.760079
7.949088
3.323397
5.088559
10.432810
6.451048
12.825642
2.676269
15.750177
8.272410
5.213743
15.215347
12.913071
13.632510
12.342196
7.230070
14.549257
5.763072
9.070453
12.024867
14.080327
14.554211
6.899155
7.043475
4.323337
15.397467
3.468618
11.652102
9.637029
13.446236
2.853022
8.397107
5.395324
6.176419
13.485666
15.828134
12.627468
10.311309
2.504402
12.377645
2.583719
7.718145
11.592993
15.496790
5.350655
7.935189
6.726860
3.899912
13.698261
15.797313
15.924779
11.778587
14.351522
6.823934
2.822062
2.674859
6.221400
6.290680
14.326962
15.858429
3.736916
1.179984
8.255536
9.132239
7.356403
5.741203
8.960373
3.983871
0.052512
11.464775
0.361517
2.636231
3.182920
11.954510
2.133021
8.533575
3.889699
8.859881
12.433487
1.587960
8.657194
12.358266
13.366548
7.008717
3.182200
0.188610
9.683576
9.403600
6.479290
8.010538
9.262029
10.216206
9.190522
1.517565
3.348445
0.546925
7.258768
12.308818
4.530797
7.311279
7.773593
4.892314
9.947511
10.956513
0.846824
12.080532
3.490088
4.736523
4.940413
15.923575
6.324482
13.597607
12.281841
3.691030
4.606323
15.464041
3.879640
14.289899
8.867641
10.358930
6.300437
2.129669
4.575136
15.490958
3.647234
7.923581
0.037884
10.906002
4.232399
4.568680
2.217282
12.005992
9.460995
12.164792
6.962505
10.307818
8.245324
10.452593
15.044341
13.185737
10.376168
5.368824
10.783343
6.658010
9.059854
15.389667
6.122052
12.939493
13.679565
14.989693
7.298423
3.980002
1.119362
11.873559
3.470961
4.766596
3.797140
3.508845
15.672599
8.029539
8.077525
1.889880
4.035531
1.538520
14.054672
10.998036
11.846337
6.299996
5.450629
10.890678
3.485733
15.826798
0.259502
14.269076
6.484808
9.319356
13.658743
12.606860
6.258850
11.338309
11.596553
13.557273
15.318311
12.715915
9.430833
2.789272
1.482511
13.227973
6.298117
1.155110
5.257513
14.375642
3.044990
9.293044
15.914162
1.099663
4.291080
11.760499
7.399659
9.741709
6.651178
10.885392
9.568507
6.910680
9.154469
0.053316
0.230036
6.813212
12.660175
6.488886
2.151521
8.256728
4.046159
1.469832
4.972642
13.476992
4.259104
6.455153
10.704965
10.557220
7.610263
15.962478
8.932862
10.655252
9.255521
8.847024
11.754915
13.546601
4.607522
3.154574
7.288310
11.258700
14.039967
0.856817
2.169381
7.194435
0.910133
2.399417
14.007647
13.570309
8.888304
0.159167
5.827036
12.934463
1.628999
10.799679
10.411454
5.888103
1.254832
5.116419
0.445324
8.865095
5.078897
9.378186
3.520348
14.334418
2.225209
15.275263
11.881019
6.832732
2.429838
3.169329
2.091432
0.469804
4.026147
4.260813
7.664239
4.936280
6.660230
5.671886
2.506588
15.548533
5.831054
8.333625
12.482996
7.460053
3.133303
6.894451
13.348156
4.388135
12.010870
13.793480
13.253230
1.089767
7.171666
0.773578
15.424185
9.396875
0.048841
11.305204
0.229607
2.478679
14.474533
2.321040
2.948483
2.500680
6.581852
10.612722
7.436960
13.242083
0.284609
9.943548
12.790616
6.115663
2.277173
9.273612
13.575715
5.410476
0.168063
10.923871
