4728.409180
4043.582520
4429.335449
4453.148438
4432.739258
3843.190674
4152.613770
4585.389648
4801.724609
3923.032471
4205.062012
3929.774170
4419.004395
3937.260986
4003.967041
3922.453125
4534.375977
4025.466797
4433.145996
3947.452881
3996.584473
4142.653809
4496.640137
4116.448242
4582.676270
4121.033203
4950.683105
4120.302734
3778.995850
4435.155273
3782.882568
4421.298828
3922.302246
4487.136230
4663.576172
4211.454102
4102.944824
4684.794434
4266.557617
4082.145752
4147.459961
3739.842773
4147.416504
3623.029541
4164.027832
4748.035156
4120.820312
4729.758301
4931.875000
4105.500977
3970.557129
3975.344971
4290.535156
4915.508789
4160.373535
4250.345215
4526.863281
4217.210449
3768.449219
5050.600586
3745.541748
4311.005371
3919.394043
3480.446289
