128.000000
192.000000
256.000000
320.000000
384.000000
448.000000
512.000000
576.000000
640.000000
704.000000
768.000000
832.000000
896.000000
960.000000
1024.000000
1088.000000
1152.000000
1216.000000
1280.000000
1344.000000
1408.000000
1472.000000
1536.000000
1600.000000
1664.000000
1728.000000
1792.000000
1856.000000
1920.000000
1984.000000
2048.000000
2112.000000
2176.000000
2240.000000
2304.000000
2368.000000
2432.000000
2496.000000
2560.000000
2624.000000
2688.000000
2752.000000
2816.000000
2880.000000
2944.000000
3008.000000
3072.000000
3136.000000
3200.000000
3264.000000
3328.000000
3392.000000
3456.000000
3520.000000
3584.000000
3648.000000
3712.000000
3776.000000
3840.000000
3904.000000
3968.000000
4032.000000
4096.000000
4160.000000
